0022300061
0022300062
0022300071
0022300070
0022300066
0022300074
0022300068
0022300067
0022300065
0022300072
0022300064
0022300063
0022300073
0022300069
0022300075
0022300076
0022300079
0022300081
0022300082
0022300084
0022300078
0022300087
0022300085
0022300086
0022300077
0022300080
0022300083
0022300091
0022300090
0022300092
0022300094
0022300088
0022300093
0022300089
0022300096
0022300100
0022300097
0022300099
0022300095
0022300098
0022300103
0022300106
0022300110
0022300108
0022300104
0022300101
0022300102
0022300109
0022300105
0022300111
0022300107
0022300114
0022300112
0022300113
0022300120
0022300124
0022300123
0022300127
0022300119
0022300116
0022300125
0022300117
0022300115
0022300122
0022300118
0022300121
0022300126
0022300128
0022300131
0022300130
0022300129
0022300001
0022300004
0022300006
0022300005
0022300003
0022300002
0022300007
0022300137
0022300138
0022300132
0022300133
0022300135
0022300136
0022300139
0022300134
0022300142
0022300143
0022300141
0022300144
0022300140
0022300155
0022300156
0022300152
0022300147
0022300150
0022300149
0022300146
0022300148
0022300145
0022300154
0022300153
0022300151
0022300159
0022300167
0022300166
0022300164
0022300162
0022300170
0022300168
0022300158
0022300165
0022300157
0022300169
0022300160
0022300163
0022300161
0022300172
0022300171
0022300010
0022300011
0022300013
0022300008
0022300015
0022300012
0022300009
0022300014
0022300016
0022300174
0022300176
0022300175
0022300173
0022300183
0022300181
0022300182
0022300184
0022300186
0022300178
0022300180
0022300185
0022300177
0022300179
0022300187
0022300188
0022300191
0022300190
0022300189
0022300018
0022300022
0022300024
0022300025
0022300026
0022300020
0022300019
0022300023
0022300017
0022300021
0022300193
0022300194
0022300199
0022300196
0022300192
0022300198
0022300195
0022300197
0022300200
0022300201
0022300031
0022300030
0022300033
0022300037
0022300027
0022300035
0022300036
0022300029
0022300034
0022300028
0022300032
0022300204
0022300205
0022300207
0022300203
0022300202
0022300206
0022300212
0022300216
0022300208
0022300209
0022300214
0022300211
0022300213
0022300210
0022300215
0022300217
0022300222
0022300218
0022300224
0022300219
0022300221
0022300223
0022300220
0022300039
0022300038
0022300041
0022300042
0022300040
0022300233
0022300238
0022300226
0022300235
0022300229
0022300232
0022300230
0022300236
0022300237
0022300234
0022300225
0022300227
0022300228
0022300231
0022300043
0022300048
0022300051
0022300049
0022300050
0022300047
0022300046
0022300052
0022300045
0022300044
0022300242
0022300244
0022300240
0022300239
0022300241
0022300243
0022300246
0022300252
0022300245
0022300249
0022300248
0022300251
0022300250
0022300247
0022300256
0022300257
0022300255
0022300253
0022300254
0022300055
0022300053
0022300059
0022300056
0022300060
0022300058
0022300054
0022300057
0022300263
0022300260
0022300264
0022300261
0022300262
0022300259
0022300258
0022300272
0022300265
0022300271
0022300269
0022300270
0022300267
0022300266
0022300273
0022300268
0022300275
0022300278
0022300277
0022300279
0022300276
0022300274
0022300286
0022300285
0022300280
0022300291
0022300284
0022300282
0022300290
0022300288
0022300281
0022300289
0022300287
0022300283
0022301204
0022301202
0022301201
0022301203
0022301205
0022301214
0022301207
0022301210
0022301212
0022301206
0022301209
0022301213
0022301215
0022301208
0022301211
0022301230
0022301229
0022301218
0022301227
0022301226
0022301224
0022301222
0022301225
0022301220
0022301228
0022301223
0022301216
0022301221
0022301219
0022301217
0022300296
0022300301
0022300300
0022300298
0022300292
0022300304
0022300303
0022300297
0022300294
0022300299
0022300293
0022300295
0022300302
0022300305
0022300309
0022300308
0022300306
0022300307
0022300311
0022300316
0022300312
0022300315
0022300317
0022300318
0022300310
0022300313
0022300314
0022300319
0022300320
0022300322
0022300325
0022300321
0022300323
0022300324
0022300329
0022300326
0022300331
0022300328
0022300327
0022300330
0022300332
0022300333
0022300341
0022300340
0022300339
0022300343
0022300338
0022300342
0022300334
0022300336
0022300337
0022300335
0022300344
0022300345
0022300348
0022300346
0022300347
0022300352
0022300351
0022300349
0022300353
0022300357
0022300354
0022300358
0022300356
0022300350
0022300359
0022300355
0022300362
0022300363
0022300360
0022300361
0022300364
0022300370
0022300369
0022300371
0022300372
0022300367
0022300368
0022300365
0022300373
0022300366
0022300376
0022300380
0022300378
0022300377
0022300381
0022300379
0022300374
0022300375
0022300383
0022300386
0022300385
0022300387
0022300382
0022300384
0022300396
0022300398
0022300397
0022300388
0022300394
0022300391
0022300395
0022300393
0022300389
0022300392
0022300390
0022300399
0022300400
0022300405
0022300402
0022300403
0022300401
0022300404
0022300408
0022300409
0022300411
0022300413
0022300412
0022300410
0022300407
0022300406
0022300414
0022300418
0022300417
0022300415
0022300420
0022300419
0022300416
0022300421
0022300426
0022300428
0022300423
0022300427
0022300424
0022300422
0022300425
0022300432
0022300433
0022300434
0022300438
0022300430
0022300429
0022300437
0022300431
0022300435
0022300436
0022300444
0022300441
0022300442
0022300440
0022300443
0022300439
0022300448
0022300446
0022300450
0022300447
0022300449
0022300445
0022300457
0022300458
0022300456
0022300452
0022300453
0022300455
0022300454
0022300451
0022300462
0022300461
0022300459
0022300463
0022300464
0022300460
0022300473
0022300475
0022300466
0022300468
0022300476
0022300470
0022300467
0022300465
0022300471
0022300472
0022300469
0022300474
0022300478
0022300477
0022300486
0022300487
0022300485
0022300488
0022300480
0022300483
0022300489
0022300481
0022300479
0022300482
0022300490
0022300484
0022300491
0022300492
0022300496
0022300493
0022300495
0022300494
0022300499
0022300497
0022300502
0022300505
0022300501
0022300503
0022300504
0022300498
0022300500
0022300506
0022300509
0022300510
0022300511
0022300508
0022300507
0022300516
0022300514
0022300512
0022300515
0022300513
0022300521
0022300517
0022300525
0022300523
0022300522
0022300520
0022300518
0022300519
0022300526
0022300524
0022300530
0022300531
0022300528
0022300527
0022300529
0022300539
0022300536
0022300534
0022300537
0022300538
0022300535
0022300533
0022300532
0022300541
0022300540
0022300543
0022300542
0022300547
0022300549
0022300545
0022300544
0022300546
0022300548
0022300550
0022300553
0022300551
0022300552
0022300554
0022300556
0022300561
0022300565
0022300557
0022300564
0022300563
0022300560
0022300558
0022300559
0022300555
0022300562
0022300566
0022300567
0022300568
0022300571
0022300572
0022300575
0022300573
0022300574
0022300569
0022300578
0022300570
0022300577
0022300580
0022300581
0022300582
0022300579
0022300583
0022300587
0022300586
0022300591
0022300585
0022300584
0022300588
0022300590
0022300592
0022300599
0022300593
0022300598
0022300594
0022300595
0022300597
0022300596
0022300602
0022300605
0022300600
0022300601
0022300604
0022300603
0022300613
0022300611
0022300606
0022300607
0022300608
0022300609
0022300612
0022300610
0022300618
0022300615
0022300614
0022300617
0022300616
0022300626
0022300624
0022300625
0022300623
0022300621
0022300619
0022300620
0022300622
0022300630
0022300633
0022300631
0022300632
0022300629
0022300627
0022300628
0022300634
0022300640
0022300636
0022300637
0022300639
0022300638
0022300641
0022300635
0022300648
0022300644
0022300646
0022300650
0022300643
0022300649
0022300647
0022300642
0022300651
0022300645
0022300653
0022300656
0022300655
0022300652
0022300654
0022300658
0022300662
0022300661
0022300663
0022300665
0022300657
0022300659
0022300666
0022300667
0022300664
0022300660
0022300668
0022300669
0022300672
0022300671
0022300670
0022300673
0022300675
0022300679
0022300674
0022300682
0022300676
0022300683
0022300680
0022300681
0022300677
0022300678
0022300687
0022300685
0022300686
0022300684
0022300690
0022300693
0022300688
0022300694
0022300691
0022300697
0022300695
0022300696
0022300692
0022300689
0022300699
0022300703
0022300702
0022300701
0022300698
0022300700
0022300706
0022300708
0022300705
0022300710
0022300704
0022300707
0022300712
0022300709
0022300711
0022300716
0022300715
0022300717
0022300714
0022300713
0022300718
0022300721
0022300725
0022300722
0022300719
0022300724
0022300723
0022300720
0022300729
0022300728
0022300730
0022300732
0022300726
0022300731
0022300727
0022300735
0022300737
0022300740
0022300733
0022300738
0022300736
0022300734
0022300739
0022300741
0022300747
0022300743
0022300745
0022300742
0022300746
0022300744
0022300754
0022300750
0022300752
0022300757
0022300751
0022300749
0022300756
0022300758
0022300755
0022300753
0022300748
0022300759
0022300760
0022300763
0022300762
0022300768
0022300769
0022300770
0022300765
0022300764
0022300766
0022300767
0022300761
0022300771
0022300773
0022300775
0022300774
0022300776
0022300772
0022300786
0022300789
0022300788
0022300779
0022300778
0022300785
0022300782
0022300783
0022300787
0022300777
0022300780
0022300781
0022300784
0022300576
0022300790
0022300791
0022300792
0022300798
0022300797
0022300796
0022300802
0022300793
0022300799
0022300795
0022300801
0022300800
0022300794
0022300803
0022300812
0022300807
0022300808
0022300805
0022300806
0022300813
0022300809
0022300811
0022300804
0022300810
0022300816
0022300815
0022300814
0022300823
0022300824
0022300819
0022300826
0022300825
0022300820
0022300822
0022300827
0022300818
0022300817
0022300821
0022300828
0022300829
0022300831
0022300830
0022300835
0022300842
0022300838
0022300836
0022300839
0022300840
0022300832
0022300834
0022300841
0022300837
0022300833
0022300843
0022300846
0022300847
0022300845
0022300844
0022300848
0022300851
0022300855
0022300856
0022300849
0022300852
0022300854
0022300853
0022300850
0022300857
0022300863
0022300864
0022300860
0022300865
0022300862
0022300861
0022300858
0022300859
0022300869
0022300867
0022300866
0022300870
0022300868
0022300876
0022300873
0022300877
0022300878
0022300874
0022300875
0022300872
0022300871
0022300880
0022300883
0022300884
0022300882
0022300881
0022300879
0022300889
0022300886
0022300890
0022300892
0022300888
0022300885
0022300891
0022300893
0022300887
0022300895
0022300898
0022300897
0022300894
0022300896
0022300900
0022300899
0022300901
0022300906
0022300907
0022300904
0022300903
0022300908
0022300905
0022300902
0022300911
0022300909
0022300915
0022300914
0022300913
0022300910
0022300916
0022300912
0022300920
0022300917
0022300919
0022300921
0022300923
0022300922
0022300918
0022300930
0022300924
0022300932
0022300926
0022300927
0022300928
0022300931
0022300925
0022300929
0022300934
0022300938
0022300933
0022300935
0022300937
0022300936
0022300942
0022300944
0022300939
0022300941
0022300945
0022300943
0022300940
0022300953
0022300951
0022300948
0022300949
0022300947
0022300954
0022300946
0022300950
0022300952
0022300959
0022300956
0022300960
0022300955
0022300957
0022300958
0022300965
0022300964
0022300962
0022300963
0022300961
0022300966
0022300967
0022300973
0022300974
0022300968
0022300975
0022300970
0022300972
0022300971
0022300969
0022300980
0022300982
0022300976
0022300981
0022300979
0022300978
0022300977
0022300990
0022300984
0022300983
0022300986
0022300988
0022300985
0022300987
0022300989
0022300995
0022300991
0022300994
0022300992
0022300993
0022300998
0022301003
0022301000
0022301001
0022300997
0022300996
0022301002
0022300999
0022301010
0022301004
0022301009
0022301007
0022301005
0022301006
0022301008
0022301017
0022301018
0022301016
0022301012
0022301015
0022301011
0022301014
0022301013
0022301023
0022301020
0022301025
0022301022
0022301024
0022301021
0022301019
0022301026
0022301027
0022301031
0022301028
0022301030
0022301029
0022301032
0022301034
0022301043
0022301042
0022301036
0022301041
0022301040
0022301037
0022301035
0022301033
0022301038
0022301039
0022301047
0022301044
0022301046
0022301045
0022301048
0022301059
0022301057
0022301052
0022301055
0022301056
0022301050
0022301053
0022301049
0022301054
0022301051
0022301058
0022301060
0022301061
0022301067
0022301073
0022301072
0022301064
0022301068
0022301071
0022301069
0022301065
0022301062
0022301066
0022301063
0022301070
0022301076
0022301074
0022301075
0022301077
0022301083
0022301078
0022301081
0022301082
0022301079
0022301084
0022301085
0022301080
0022301086
0022301091
0022301092
0022301089
0022301090
0022301088
0022301087
0022301100
0022300589
0022301098
0022301095
0022301096
0022301093
0022301101
0022301099
0022301094
0022301104
0022301107
0022301108
0022301109
0022301106
0022301110
0022301103
0022301102
0022301105
0022301124
0022301114
0022301112
0022301113
0022301111
0022301123
0022301119
0022301097
0022301120
0022301122
0022301125
0022301115
0022301116
0022301118
0022301121
0022301117
0022301126
0022301130
0022301127
0022301128
0022301129
0022301134
0022301132
0022301136
0022301131
0022301142
0022301139
0022301143
0022301141
0022301140
0022301138
0022301135
0022301137
0022301133
0022301148
0022301149
0022301150
0022301156
0022301145
0022301151
0022301144
0022301147
0022301157
0022301154
0022301155
0022301152
0022301146
0022301153
0022301159
0022301158
0022301161
0022301162
0022301165
0022301163
0022301164
0022301160
0022301167
0022301170
0022301169
0022301166
0022301168
0022301178
0022301172
0022301183
0022301184
0022301176
0022301175
0022301174
0022301185
0022301180
0022301173
0022301182
0022301179
0022301171
0022301177
0022301181
0022301198
0022301199
0022301189
0022301191
0022301192
0022301188
0022301194
0022301200
0022301197
0022301193
0022301186
0022301187
0022301195
0022301190
0022301196
